##FastQC	0.12.1
>>Basic Statistics	pass
#Measure	Value
Filename	trimmed_ce_1_SRR11859191.fastq.gz
File type	Conventional base calls
Encoding	Sanger / Illumina 1.9
Total Sequences	11943272
Total Bases	890.1 Mbp
Sequences flagged as poor quality	0
Sequence length	36-76
%GC	45
>>END_MODULE
>>Per base sequence quality	pass
#Base	Mean	Median	Lower Quartile	Upper Quartile	10th Percentile	90th Percentile
1	30.0	30.0	30.0	30.0	30.0	30.0
2	30.0	30.0	30.0	30.0	30.0	30.0
3	30.0	30.0	30.0	30.0	30.0	30.0
4	30.0	30.0	30.0	30.0	30.0	30.0
5	30.0	30.0	30.0	30.0	30.0	30.0
6	30.0	30.0	30.0	30.0	30.0	30.0
7	30.0	30.0	30.0	30.0	30.0	30.0
8	30.0	30.0	30.0	30.0	30.0	30.0
9	30.0	30.0	30.0	30.0	30.0	30.0
10-11	30.0	30.0	30.0	30.0	30.0	30.0
12-13	30.0	30.0	30.0	30.0	30.0	30.0
14-15	30.0	30.0	30.0	30.0	30.0	30.0
16-17	30.0	30.0	30.0	30.0	30.0	30.0
18-19	30.0	30.0	30.0	30.0	30.0	30.0
20-21	30.0	30.0	30.0	30.0	30.0	30.0
22-23	30.0	30.0	30.0	30.0	30.0	30.0
24-25	30.0	30.0	30.0	30.0	30.0	30.0
26-27	30.0	30.0	30.0	30.0	30.0	30.0
28-29	30.0	30.0	30.0	30.0	30.0	30.0
30-31	30.0	30.0	30.0	30.0	30.0	30.0
32-33	30.0	30.0	30.0	30.0	30.0	30.0
34-35	30.0	30.0	30.0	30.0	30.0	30.0
36-37	30.0	30.0	30.0	30.0	30.0	30.0
38-39	30.0	30.0	30.0	30.0	30.0	30.0
40-41	30.0	30.0	30.0	30.0	30.0	30.0
42-43	30.0	30.0	30.0	30.0	30.0	30.0
44-45	30.0	30.0	30.0	30.0	30.0	30.0
46-47	30.0	30.0	30.0	30.0	30.0	30.0
48-49	30.0	30.0	30.0	30.0	30.0	30.0
50-51	30.0	30.0	30.0	30.0	30.0	30.0
52-53	30.0	30.0	30.0	30.0	30.0	30.0
54-55	30.0	30.0	30.0	30.0	30.0	30.0
56-57	30.0	30.0	30.0	30.0	30.0	30.0
58-59	30.0	30.0	30.0	30.0	30.0	30.0
60-61	30.0	30.0	30.0	30.0	30.0	30.0
62-63	30.0	30.0	30.0	30.0	30.0	30.0
64-65	30.0	30.0	30.0	30.0	30.0	30.0
66-67	30.0	30.0	30.0	30.0	30.0	30.0
68-69	30.0	30.0	30.0	30.0	30.0	30.0
70-71	30.0	30.0	30.0	30.0	30.0	30.0
72-73	30.0	30.0	30.0	30.0	30.0	30.0
74-75	30.0	30.0	30.0	30.0	30.0	30.0
76	30.0	30.0	30.0	30.0	30.0	30.0
>>END_MODULE
>>Per sequence quality scores	pass
#Quality	Count
30	1.1943272E7
>>END_MODULE
>>Per base sequence content	warn
#Base	G	A	T	C
1	30.002146815378566	24.426597669382392	22.68544164446728	22.885813870771763
2	26.69857446461833	32.42241878658265	22.263492699839457	18.615514048959565
3	19.248095408584135	28.04037161092916	32.47779246576558	20.233740514721127
4	19.629717638327346	31.147389859254552	27.944379358942413	21.278513143475685
5	20.027118199026045	31.693838312803923	27.937045052398123	20.341998435771906
6	21.55959339054499	29.413257057080088	27.92410678027948	21.103042772095442
7	21.346997707160988	27.81631365341089	28.639580510265528	22.197108129162597
8	21.512957253255223	27.276687661471666	29.022733468684294	22.18762161658882
9	22.1764205132748	25.952144935838767	28.81750736460723	23.053927186279203
10-11	22.81489286283495	26.659532659600732	27.18805231182814	23.33752216573618
12-13	21.542787901034526	27.70026481935047	27.931592409293426	22.82535487032158
14-15	21.799487425994815	28.05069574439991	27.958099515785108	22.191717313820163
16-17	23.329736157470144	27.45553094780442	27.244833038611077	21.96989985611436
18-19	23.816405579836655	26.901780315973493	26.083470642792474	23.19834346139738
20-21	22.931285606830635	26.88627789051281	26.68268499140913	23.49975151124743
22-23	21.928971068037978	27.237969499820213	28.0208894192336	22.812170012908208
24-25	22.78504690190934	27.844645607294982	27.295624725444554	22.074682765351128
26-27	23.52669002778223	27.941188968611115	26.386701136320482	22.14541986728617
28-29	23.188439228822517	27.25860680258188	26.66340925208173	22.889544716513875
30-31	22.520886106633125	26.238854651688058	27.826200430428333	23.414058811250484
32-33	22.285370966028832	26.779619066462434	28.081806877796634	22.8532030897121
34-35	22.337552738023238	27.943326675801355	27.481855758814	22.237264827361404
36-37	22.804476777686283	28.07642780113635	27.275094160304334	21.844001260873032
38-39	23.66972238476042	26.945951330820805	26.93575022388326	22.448576060535515
40-41	23.259898083864332	26.643938676798534	27.164473649918897	22.931689589418237
42-43	22.097725218929206	27.202051803626848	27.920700371258373	22.779522606185573
44-45	22.422330290001238	27.767132748204183	27.741776691778764	22.068760270015815
46-47	22.846924469019573	27.907468246105537	27.536915911357145	21.708691373517745
48-49	23.39587525078059	27.444190217318614	26.763522857057424	22.396411674843364
50-51	23.02872171920093	26.648116922895397	27.160658708266933	23.162502649636735
52-53	22.656978622896222	26.77231088497292	27.40141588553364	23.169294606597216
54-55	22.648224381770138	27.22404622441105	27.507572154388228	22.62015723943058
56-57	23.381768428187936	27.307959215328182	26.810611108329514	22.49966124815437
58-59	23.670632313504747	27.314973275065483	26.53030362436172	22.48409078706804
60-61	22.917848929027613	27.193044519562743	26.967228610113953	22.92187794129569
62-63	22.22711738142118	27.96595803419103	27.221734732158055	22.585189852229735
64-65	22.168588436119112	28.029099926156203	27.62816879611485	22.174142841609836
66-67	23.579670718546634	27.765070209149904	26.614020199319604	22.04123887298386
68-69	23.87492250264395	28.177240394586008	25.745505553593617	22.202331549176428
70-71	23.470159024265982	28.270683151852555	26.011961685889183	22.247196137992276
72-73	23.182614022331833	28.29082943125399	26.442455927802165	22.084100618612013
74-75	23.600659614616937	28.19563377822849	26.365272157747082	21.838434449407494
76	24.231740654317925	28.606299333162177	25.25719030783074	21.90476970468916
>>END_MODULE
>>Per sequence GC content	pass
#GC Content	Count
0	22.0
1	27.5
2	44.0
3	62.5
4	70.0
5	86.0
6	119.5
7	167.0
8	198.5
9	249.5
10	353.0
11	511.0
12	633.5
13	826.0
14	1327.5
15	2165.0
16	3515.5
17	4517.5
18	6078.0
19	9578.0
20	14736.0
21	18226.5
22	22848.0
23	33057.5
24	46785.5
25	55319.5
26	66066.0
27	88996.5
28	120405.5
29	140449.5
30	165858.0
31	221306.0
32	289143.5
33	327092.5
34	367448.0
35	442068.0
36	503249.5
37	529385.0
38	539458.0
39	550888.0
40	559757.0
41	579648.0
42	593221.5
43	606997.5
44	632818.5
45	653707.5
46	662133.0
47	667093.0
48	668727.5
49	655732.0
50	645193.5
51	624298.5
52	577097.5
53	515270.0
54	478529.5
55	441450.5
56	371494.5
57	302296.5
58	266565.5
59	235410.5
60	181465.0
61	136740.5
62	115675.5
63	99527.0
64	72451.0
65	52299.5
66	38122.0
67	31986.5
68	27144.0
69	20043.5
70	15713.0
71	13811.5
72	12324.5
73	10017.5
74	8298.0
75	7509.0
76	6791.0
77	5536.5
78	4554.0
79	4122.0
80	3774.5
81	3076.5
82	2417.0
83	2114.0
84	1804.5
85	1366.5
86	1055.0
87	878.5
88	730.5
89	485.0
90	340.5
91	255.0
92	208.5
93	622.5
94	804.5
95	409.5
96	248.0
97	209.0
98	319.5
99	3428.0
100	6388.0
>>END_MODULE
>>Per base N content	pass
#Base	N-Count
1	0.0
2	9.210206382304615E-4
3	2.3444161700411748E-4
4	6.698331914403357E-5
5	8.372914893004196E-6
6	1.5071246807407551E-4
7	0.0
8	0.0
9	8.372914893004196E-6
10-11	6.279686169753147E-5
12-13	3.0142493614815103E-4
14-15	1.7583121275308811E-4
16-17	8.917154361049468E-4
18-19	4.6051031911523073E-4
20-21	6.321550744218167E-4
22-23	8.079862871749049E-4
24-25	8.498508616399257E-4
26-27	0.0017290069254053662
28-29	0.002197890159413601
30-31	0.0023862807445061956
32-33	0.0018211089892284124
34-35	0.0013187340956481608
36-37	0.0026759542519866134
38-39	0.0034058456895205906
40-41	0.004405063401808531
42-43	0.00292762009044956
44-45	0.002111552383328179
46-47	0.0022841948632652985
48-49	0.00259814337526254
50-51	0.0011190088171463706
52-53	0.003418603609199393
54-55	0.0019073127674908402
56-57	0.004713417848956271
58-59	0.004604946984609631
60-61	0.004686953526899178
62-63	0.0026281081547883662
64-65	0.0034152423779283203
66-67	0.0027126532243285503
68-69	0.0035264750671542247
70-71	0.00285501208043663
72-73	0.00314857414285072
74-75	0.0034158241523051945
76	0.0
>>END_MODULE
>>Sequence Length Distribution	warn
#Length	Count
36	7212.0
37	9478.0
38	11802.0
39	13006.0
40	12744.0
41	12671.0
42	13299.0
43	14810.0
44	17239.0
45	20303.0
46	24480.0
47	29503.0
48	35146.0
49	38972.0
50	41001.0
51	39019.0
52	37820.0
53	37397.0
54	38064.0
55	41465.0
56	46021.0
57	50519.0
58	53047.0
59	54204.0
60	145.0
61	47.0
62	57.0
63	44.0
64	91.0
65	39.0
66	45.0
67	40.0
68	40.0
69	74.0
70	86.0
71	93.0
72	129.0
73	448.0
74	1751.0
75	7605.0
76	1.1233316E7
>>END_MODULE
>>Sequence Duplication Levels	pass
#Total Deduplicated Percentage	92.25400905719637
#Duplication Level	Percentage of total
1	89.80686199958691
2	3.4504212251078012
3	0.7494465879632757
4	0.5104256092098814
5	0.4205114615934292
6	0.3267948871455701
7	0.25447965704907827
8	0.23021643161091976
9	0.1833319634918297
>10	1.899199223904878
>50	0.4148339636766812
>100	0.886199314556195
>500	0.42922391980090874
>1k	0.3854879827156994
>5k	0.05256577258701833
>10k+	0.0
>>END_MODULE
>>Overrepresented sequences	pass
>>END_MODULE
>>Adapter Content	pass
#Position	Illumina Universal Adapter	Illumina Small RNA 3' Adapter	Illumina Small RNA 5' Adapter	Nextera Transposase Sequence	PolyA	PolyG
1	2.5118744679012586E-5	8.372914893004196E-6	0.0	0.0	0.01311198472244457	0.06245357218691829
2	2.5118744679012586E-5	8.372914893004196E-6	0.0	0.0	0.017491019211485763	0.06442958010166729
3	2.5118744679012586E-5	1.674582978600839E-5	0.0	2.5118744679012586E-5	0.019534010445378787	0.0648482258463175
4	2.5118744679012586E-5	1.674582978600839E-5	0.0	2.5118744679012586E-5	0.021744459977131893	0.06540083822925577
5	2.5118744679012586E-5	1.674582978600839E-5	0.0	4.1864574465020974E-5	0.023636738742950844	0.06915190410132165
6	2.5118744679012586E-5	1.674582978600839E-5	0.0	5.861040425102937E-5	0.025395050870481724	0.0784374667176633
7	2.5118744679012586E-5	1.674582978600839E-5	0.0	5.861040425102937E-5	0.02742129627458874	0.07901519784528059
8	2.5118744679012586E-5	1.674582978600839E-5	0.0	6.698331914403357E-5	0.02932194795530069	0.0796180477175769
9	2.5118744679012586E-5	2.5118744679012586E-5	0.0	8.372914893004195E-5	0.031155616316868612	0.08057256001537937
10	3.349165957201678E-5	2.5118744679012586E-5	0.0	8.372914893004195E-5	0.03309813257204559	0.08151032648339585
11	3.349165957201678E-5	2.5118744679012586E-5	0.0	9.210206382304615E-5	0.03475596972086041	0.08270765331309544
12	4.1864574465020974E-5	3.349165957201678E-5	0.0	1.0884789360905453E-4	0.0363217048058522	0.08384636973854401
13	4.1864574465020974E-5	3.349165957201678E-5	0.0	1.0884789360905453E-4	0.03818886482699214	0.09406969882290213
14	5.023748935802517E-5	3.349165957201678E-5	0.0	1.1722080850205874E-4	0.040106262337490095	0.09491536322709555
15	5.023748935802517E-5	3.349165957201678E-5	0.0	1.1722080850205874E-4	0.041822709890555955	0.09588662135468404
16	5.023748935802517E-5	3.349165957201678E-5	0.0	1.1722080850205874E-4	0.04332146165640371	0.09665692952484042
17	5.023748935802517E-5	3.349165957201678E-5	0.0	1.3396663828806713E-4	0.04497092589032553	0.09763656056732192
18	5.023748935802517E-5	3.349165957201678E-5	0.0	1.590853829670797E-4	0.046385948507243244	0.09852408954598037
19	5.861040425102937E-5	3.349165957201678E-5	0.0	1.758312127530881E-4	0.04800192108159305	0.09952883933314087
20	5.861040425102937E-5	4.1864574465020974E-5	0.0	1.758312127530881E-4	0.0496932498899799	0.10060894535433841
21	6.698331914403357E-5	4.1864574465020974E-5	0.0	1.925770425390965E-4	0.05130084954943671	0.10179789926914501
22	6.698331914403357E-5	4.1864574465020974E-5	0.0	2.0932287232510488E-4	0.05282472005996347	0.10276078448184049
23	7.535623403703776E-5	4.1864574465020974E-5	0.0	2.1769578721810907E-4	0.05461652384706636	0.10392461965196807
24	8.372914893004195E-5	4.1864574465020974E-5	0.0	2.2606870211111326E-4	0.05623249642141617	0.10505496316252363
25	8.372914893004195E-5	4.1864574465020974E-5	0.0	2.3444161700411748E-4	0.05799080854894705	0.10630252748158127
26	9.210206382304615E-5	4.1864574465020974E-5	0.0	2.5118744679012583E-4	0.059380712421185755	0.10754171888574589
27	1.0884789360905453E-4	4.1864574465020974E-5	0.0	2.5118744679012583E-4	0.06100505791042857	0.10873067280055247
28	1.3396663828806713E-4	4.1864574465020974E-5	0.0	2.6793327657613427E-4	0.06241170761245327	0.10991962671535907
29	1.5071246807407551E-4	5.861040425102937E-5	0.0	2.8467910636214265E-4	0.06390208646340802	0.11101647856634263
30	1.758312127530881E-4	6.698331914403357E-5	0.0	3.0142493614815103E-4	0.06575250065476194	0.1123896366087953
31	2.0932287232510488E-4	6.698331914403357E-5	0.0	3.0979785104115525E-4	0.06737684614400476	0.1135702176087089
32	2.1769578721810907E-4	6.698331914403357E-5	0.0	3.0979785104115525E-4	0.06916027701621465	0.11508571520434266
33	2.4281453189712167E-4	7.535623403703776E-5	0.0	3.0979785104115525E-4	0.07108604744160561	0.1163500253531863
34	2.5956036168313005E-4	7.535623403703776E-5	0.0	3.2654368082716363E-4	0.07257642629256036	0.11771481048074597
35	2.930520212551468E-4	8.372914893004195E-5	0.0	3.43289510613172E-4	0.0740249405690501	0.11906284977851965
36	3.43289510613172E-4	9.210206382304615E-5	0.0	3.43289510613172E-4	0.07580837144125999	0.12052810988479538
37	4.1864574465020975E-4	9.210206382304615E-5	0.0	3.43289510613172E-4	0.07734898778157276	0.12205198039532215
38	5.693582127242853E-4	9.210206382304615E-5	0.0	3.43289510613172E-4	0.07908218116442463	0.12340001969309583
39	7.200706807983608E-4	1.0047497871605034E-4	0.0	3.600353403991804E-4	0.08078188288770448	0.12499924643765963
40	8.875289786584447E-4	1.0047497871605034E-4	0.0	3.767811701851888E-4	0.0824229742067333	0.1263556586503263
41	0.0010801060211975413	1.0884789360905453E-4	0.0	3.767811701851888E-4	0.08424826965340822	0.12787115624596007
42	0.001239191404164621	1.0884789360905453E-4	0.0	3.767811701851888E-4	0.08584749639797201	0.1293447892671288
43	0.0013899038722386965	1.0884789360905453E-4	0.0	3.767811701851888E-4	0.08723740027021071	0.13095238892658562
44	0.0016829558934938432	1.1722080850205874E-4	0.0	3.9352699997119715E-4	0.08856032082330537	0.13255161567114943
45	0.0023862807445061956	1.1722080850205874E-4	0.0	4.0189991486420137E-4	0.08993347886575806	0.13426806322421528
46	0.003391030531666699	1.2559372339506292E-4	0.0	4.0189991486420137E-4	0.0912061619294947	0.1359342732879231
47	0.005107478084732559	1.2559372339506292E-4	0.0	4.0189991486420137E-4	0.0924034887591943	0.1378935353728861
48	0.007770065020707893	1.2559372339506292E-4	0.0	4.0189991486420137E-4	0.093801765546326	0.13967696624509598
49	0.010909908105584466	1.2559372339506292E-4	0.0	4.0189991486420137E-4	0.09550984018449886	0.14142690545773387
50	0.014443278190432236	1.2559372339506292E-4	0.0	4.1864574465020975E-4	0.09675740450355648	0.14311823426612072
51	0.01814410657314009	1.2559372339506292E-4	0.0	4.1864574465020975E-4	0.09842361456726431	0.14476769850004254
52	0.021384424636732714	1.2559372339506292E-4	0.0	4.521374042222265E-4	0.099788399694824	0.14639204398928535
53	0.024741963508827396	1.3396663828806713E-4	0.0	4.6051031911523073E-4	0.10122854105642072	0.14841828939339236
54	0.027965535742634013	1.3396663828806713E-4	0.0	4.8562906379424333E-4	0.10286125946055653	0.1500593807124212
55	0.03171660161469989	1.3396663828806713E-4	0.0	5.023748935802517E-4	0.10431814665193927	0.15196003239313313
56	0.03535881959315672	1.3396663828806713E-4	0.0	5.107478084732559E-4	0.10580852550289402	0.15378532783980806
57	0.039469920805621776	1.3396663828806713E-4	0.0	5.442394680452726E-4	0.10731565018363477	0.1559036753077381
58	0.04394105735848602	1.3396663828806713E-4	0.0	5.526123829382769E-4	0.10891487692819857	0.1582564643926723
59	0.04859639803899635	1.3396663828806713E-4	0.0	5.609852978312811E-4	0.11032989954511628	0.16009013275424022
60	0.053770859442872944	1.4233955318107132E-4	0.0	5.609852978312811E-4	0.11191238045989407	0.1622587177115283
61	0.5115013708136262	1.5071246807407551E-4	0.0	5.693582127242853E-4	0.11380465922571302	0.1642765902007423
62	0.9569404431214494	1.5071246807407551E-4	0.0	5.693582127242853E-4	0.11559646301281591	0.1666712438601415
63	1.3939144984724454	1.5071246807407551E-4	0.0	5.777311276172895E-4	0.11718731684248672	0.16997854524287817
64	1.8468557025244003	1.5071246807407551E-4	0.0	5.861040425102936E-4	0.11892051022533859	0.1724736738809934
65	2.3255854844468082	1.5071246807407551E-4	0.0	6.028498722963021E-4	0.12099699311880363	0.1746506317531745
>>END_MODULE
